208
0 3
1 2
1 19 
19 2
1 19 
0 2
1 19 
0 4
2 1
0 
20 3
2 20 0 
0 1
2 
1 3
2 20 0 
0 4
3 1
1 
21 3
3 21 1 
1 1
3 
2 3
3 21 1 
0 3
22 2
22 2 
2 2
22 2 
3 2
22 2 
0 3
5 2
5 23 
23 2
5 23 
4 2
5 23 
0 4
6 1
4 
24 3
6 24 4 
4 1
6 
5 3
6 24 4 
0 4
7 1
5 
25 3
7 25 5 
5 1
7 
6 3
7 25 5 
0 3
26 2
26 6 
6 2
26 6 
7 2
26 6 
0 3
9 2
9 27 
27 2
9 27 
8 2
9 27 
0 4
10 1
8 
28 3
10 28 8 
8 1
10 
9 3
10 28 8 
0 4
11 1
9 
29 3
11 29 9 
9 1
11 
10 3
11 29 9 
0 3
30 2
30 10 
10 2
30 10 
11 2
30 10 
0 3
13 2
13 31 
31 2
13 31 
12 2
13 31 
0 4
14 1
12 
32 3
14 32 12 
12 1
14 
13 3
14 32 12 
0 4
15 1
13 
33 3
15 33 13 
13 1
15 
14 3
15 33 13 
0 4
16 1
14 
34 3
16 34 14 
14 1
16 
15 3
16 34 14 
0 4
17 1
15 
35 3
17 35 15 
15 1
17 
16 3
17 35 15 
0 4
18 1
16 
36 3
18 36 16 
16 1
18 
17 3
18 36 16 
0 3
37 2
37 17 
17 2
37 17 
18 2
37 17 
0 4
20 3
20 38 0 
38 1
0 
0 1
38 
19 3
20 38 0 
0 5
21 1
19 
39 1
1 
19 1
21 
1 1
39 
20 4
21 39 19 1 
0 5
22 1
20 
40 1
2 
20 1
22 
2 1
40 
21 4
22 40 20 2 
0 4
41 1
3 
21 3
41 21 3 
3 1
41 
22 3
41 21 3 
0 4
24 3
24 43 4 
43 1
4 
4 1
43 
23 3
24 43 4 
0 5
25 1
23 
44 1
5 
23 1
25 
5 1
44 
24 4
25 44 23 5 
0 5
26 1
24 
45 1
6 
24 1
26 
6 1
45 
25 4
26 45 24 6 
0 4
46 1
7 
25 3
46 25 7 
7 1
46 
26 3
46 25 7 
0 4
28 3
28 47 8 
47 1
8 
8 1
47 
27 3
28 47 8 
0 5
29 1
27 
48 1
9 
27 1
29 
9 1
48 
28 4
29 48 27 9 
0 5
30 1
28 
49 1
10 
28 1
30 
10 1
49 
29 4
30 49 28 10 
0 4
50 1
11 
29 3
50 29 11 
11 1
50 
30 3
50 29 11 
0 4
32 3
32 52 12 
52 1
12 
12 1
52 
31 3
32 52 12 
0 5
33 1
31 
53 1
13 
31 1
33 
13 1
53 
32 4
33 53 31 13 
0 5
34 1
32 
54 1
14 
32 1
34 
14 1
54 
33 4
34 54 32 14 
0 5
35 1
33 
55 1
15 
33 1
35 
15 1
55 
34 4
35 55 33 15 
0 5
36 1
34 
56 1
16 
34 1
36 
16 1
56 
35 4
36 56 34 16 
0 5
37 1
35 
57 1
17 
35 1
37 
17 1
57 
36 4
37 57 35 17 
0 3
36 2
36 18 
18 2
36 18 
37 2
36 18 
0 4
39 3
39 58 19 
58 1
19 
19 1
58 
38 3
39 58 19 
0 5
40 1
38 
59 1
20 
38 1
40 
20 1
59 
39 4
40 59 38 20 
0 5
41 1
39 
60 1
21 
39 1
41 
21 1
60 
40 4
41 60 39 21 
0 5
42 1
40 
61 1
22 
40 1
42 
22 1
61 
41 4
42 61 40 22 
0 4
43 1
41 
62 3
43 62 41 
41 1
43 
42 3
43 62 41 
0 5
44 1
42 
63 1
23 
42 1
44 
23 1
63 
43 4
44 63 42 23 
0 5
45 1
43 
64 1
24 
43 1
45 
24 1
64 
44 4
45 64 43 24 
0 5
46 1
44 
65 1
25 
44 1
46 
25 1
65 
45 4
46 65 44 25 
0 4
66 1
26 
45 3
66 45 26 
26 1
66 
46 3
66 45 26 
0 4
48 3
48 68 27 
68 1
27 
27 1
68 
47 3
48 68 27 
0 5
49 1
47 
69 1
28 
47 1
49 
28 1
69 
48 4
49 69 47 28 
0 5
50 1
48 
70 1
29 
48 1
50 
29 1
70 
49 4
50 70 48 29 
0 5
51 1
49 
71 1
30 
49 1
51 
30 1
71 
50 4
51 71 49 30 
0 4
52 1
50 
72 3
52 72 50 
50 1
52 
51 3
52 72 50 
0 5
53 1
51 
73 1
31 
51 1
53 
31 1
73 
52 4
53 73 51 31 
0 5
54 1
52 
74 1
32 
52 1
54 
32 1
74 
53 4
54 74 52 32 
0 5
55 1
53 
75 1
33 
53 1
55 
33 1
75 
54 4
55 75 53 33 
1 5
56 1
54 
76 1
34 
54 1
56 
34 1
76 
55 4
56 76 54 34 
0 5
57 1
55 
77 1
35 
55 1
57 
35 1
77 
56 4
57 77 55 35 
0 4
78 1
36 
56 3
78 56 36 
36 1
78 
57 3
78 56 36 
0 4
59 3
59 80 38 
80 1
38 
38 1
80 
58 3
59 80 38 
0 5
60 1
58 
81 1
39 
58 1
60 
39 1
81 
59 4
60 81 58 39 
0 5
61 1
59 
82 1
40 
59 1
61 
40 1
82 
60 4
61 82 59 40 
0 5
62 1
60 
83 1
41 
60 1
62 
41 1
83 
61 4
62 83 60 41 
0 5
63 1
61 
84 1
42 
61 1
63 
42 1
84 
62 4
63 84 61 42 
0 5
64 1
62 
85 1
43 
62 1
64 
43 1
85 
63 4
64 85 62 43 
0 5
65 1
63 
86 1
44 
63 1
65 
44 1
86 
64 4
65 86 63 44 
0 5
66 1
64 
87 1
45 
64 1
66 
45 1
87 
65 4
66 87 64 45 
0 5
67 1
65 
88 1
46 
65 1
67 
46 1
88 
66 4
67 88 65 46 
0 4
68 1
66 
89 3
68 89 66 
66 1
68 
67 3
68 89 66 
0 5
69 1
67 
90 1
47 
67 1
69 
47 1
90 
68 4
69 90 67 47 
0 5
70 1
68 
91 1
48 
68 1
70 
48 1
91 
69 4
70 91 68 48 
0 5
71 1
69 
92 1
49 
69 1
71 
49 1
92 
70 4
71 92 69 49 
0 5
72 1
70 
93 1
50 
70 1
72 
50 1
93 
71 4
72 93 70 50 
0 4
73 1
71 
71 1
73 
51 3
73 71 51 
72 3
73 71 51 
0 5
74 1
72 
94 1
52 
72 1
74 
52 1
94 
73 4
74 94 72 52 
0 5
75 1
73 
95 1
53 
73 1
75 
53 1
95 
74 4
75 95 73 53 
0 5
76 1
74 
96 1
54 
74 1
76 
54 1
96 
75 4
76 96 74 54 
0 5
77 1
75 
97 1
55 
75 1
77 
55 1
97 
76 4
77 97 75 55 
0 5
78 1
76 
98 1
56 
76 1
78 
56 1
98 
77 4
78 98 76 56 
0 5
79 1
77 
99 1
57 
77 1
79 
57 1
99 
78 4
79 99 77 57 
0 3
100 2
100 78 
78 2
100 78 
79 2
100 78 
0 4
81 3
81 101 58 
101 1
58 
58 1
101 
80 3
81 101 58 
0 5
82 1
80 
102 1
59 
80 1
82 
59 1
102 
81 4
82 102 80 59 
0 5
83 1
81 
103 1
60 
81 1
83 
60 1
103 
82 4
83 103 81 60 
0 5
84 1
82 
104 1
61 
82 1
84 
61 1
104 
83 4
84 104 82 61 
0 4
85 1
83 
83 1
85 
62 3
85 83 62 
84 3
85 83 62 
0 4
86 1
84 
84 1
86 
63 3
86 84 63 
85 3
86 84 63 
0 5
87 1
85 
105 1
64 
85 1
87 
64 1
105 
86 4
87 105 85 64 
0 5
88 1
86 
106 1
65 
86 1
88 
65 1
106 
87 4
88 106 86 65 
0 4
89 1
87 
87 1
89 
66 3
89 87 66 
88 3
89 87 66 
0 4
90 1
88 
88 1
90 
67 3
90 88 67 
89 3
90 88 67 
0 5
91 1
89 
107 1
68 
89 1
91 
68 1
107 
90 4
91 107 89 68 
0 5
92 1
90 
108 1
69 
90 1
92 
69 1
108 
91 4
92 108 90 69 
0 5
93 1
91 
109 1
70 
91 1
93 
70 1
109 
92 4
93 109 91 70 
0 4
110 1
71 
92 3
110 92 71 
71 1
110 
93 3
110 92 71 
0 4
95 3
95 111 73 
111 1
73 
73 1
111 
94 3
95 111 73 
0 5
96 1
94 
112 1
74 
94 1
96 
74 1
112 
95 4
96 112 94 74 
0 5
97 1
95 
113 1
75 
95 1
97 
75 1
113 
96 4
97 113 95 75 
0 5
98 1
96 
114 1
76 
96 1
98 
76 1
114 
97 4
98 114 96 76 
0 5
99 1
97 
115 1
77 
97 1
99 
77 1
115 
98 4
99 115 97 77 
0 5
100 1
98 
116 1
78 
98 1
100 
78 1
116 
99 4
100 116 98 78 
0 4
117 1
79 
99 3
117 99 79 
79 1
117 
100 3
117 99 79 
0 4
102 3
102 118 80 
118 1
80 
80 1
118 
101 3
102 118 80 
0 5
103 1
101 
119 1
81 
101 1
103 
81 1
119 
102 4
103 119 101 81 
0 5
104 1
102 
120 1
82 
102 1
104 
82 1
120 
103 4
104 120 102 82 
0 4
121 1
83 
103 3
121 103 83 
83 1
121 
104 3
121 103 83 
0 4
106 3
106 123 86 
123 1
86 
86 1
123 
105 3
106 123 86 
0 4
124 1
87 
105 3
124 105 87 
87 1
124 
106 3
124 105 87 
0 4
108 3
108 126 90 
126 1
90 
90 1
126 
107 3
108 126 90 
0 5
109 1
107 
127 1
91 
107 1
109 
91 1
127 
108 4
109 127 107 91 
0 5
110 1
108 
128 1
92 
108 1
110 
92 1
128 
109 4
110 128 108 92 
0 4
129 1
93 
109 3
129 109 93 
93 1
129 
110 3
129 109 93 
0 4
112 3
112 130 94 
130 1
94 
94 1
130 
111 3
112 130 94 
0 5
113 1
111 
131 1
95 
111 1
113 
95 1
131 
112 4
113 131 111 95 
0 5
114 1
112 
132 1
96 
112 1
114 
96 1
132 
113 4
114 132 112 96 
0 4
115 1
113 
113 1
115 
97 3
115 113 97 
114 3
115 113 97 
0 5
116 1
114 
133 1
98 
114 1
116 
98 1
133 
115 4
116 133 114 98 
0 5
117 1
115 
134 1
99 
115 1
117 
99 1
134 
116 4
117 134 115 99 
0 4
135 1
100 
116 3
135 116 100 
100 1
135 
117 3
135 116 100 
0 4
119 3
119 136 101 
136 1
101 
101 1
136 
118 3
119 136 101 
0 5
120 1
118 
137 1
102 
118 1
120 
102 1
137 
119 4
120 137 118 102 
0 5
121 1
119 
138 1
103 
119 1
121 
103 1
138 
120 4
121 138 119 103 
0 4
139 1
104 
120 3
139 120 104 
104 1
139 
121 3
139 120 104 
0 3
123 2
123 140 
140 2
123 140 
122 2
123 140 
0 5
124 1
122 
141 1
105 
122 1
124 
105 1
141 
123 4
124 141 122 105 
0 5
125 1
123 
142 1
106 
123 1
125 
106 1
142 
124 4
125 142 123 106 
0 3
143 2
143 124 
124 2
143 124 
125 2
143 124 
0 4
127 3
127 144 107 
144 1
107 
107 1
144 
126 3
127 144 107 
0 5
128 1
126 
145 1
108 
126 1
128 
108 1
145 
127 4
128 145 126 108 
0 5
129 1
127 
146 1
109 
127 1
129 
109 1
146 
128 4
129 146 127 109 
0 4
147 1
110 
128 3
147 128 110 
110 1
147 
129 3
147 128 110 
0 4
131 3
131 148 111 
148 1
111 
111 1
148 
130 3
131 148 111 
0 5
132 1
130 
149 1
112 
130 1
132 
112 1
149 
131 4
132 149 130 112 
0 4
150 1
113 
131 3
150 131 113 
113 1
150 
132 3
150 131 113 
0 4
134 3
134 152 115 
152 1
115 
115 1
152 
133 3
134 152 115 
0 5
135 1
133 
153 1
116 
133 1
135 
116 1
153 
134 4
135 153 133 116 
0 4
154 1
117 
134 3
154 134 117 
117 1
154 
135 3
154 134 117 
0 4
137 3
137 155 118 
155 1
118 
118 1
155 
136 3
137 155 118 
0 5
138 1
136 
156 1
119 
136 1
138 
119 1
156 
137 4
138 156 136 119 
0 5
139 1
137 
157 1
120 
137 1
139 
120 1
157 
138 4
139 157 137 120 
0 4
158 1
121 
138 3
158 138 121 
121 1
158 
139 3
158 138 121 
0 3
141 2
141 122 
122 2
141 122 
140 2
141 122 
0 4
142 1
140 
140 1
142 
123 3
142 140 123 
141 3
142 140 123 
1 4
143 1
141 
141 1
143 
124 3
143 141 124 
142 3
143 141 124 
0 3
142 2
142 125 
125 2
142 125 
143 2
142 125 
0 4
145 3
145 159 126 
159 1
126 
126 1
159 
144 3
145 159 126 
0 5
146 1
144 
160 1
127 
144 1
146 
127 1
160 
145 4
146 160 144 127 
0 5
147 1
145 
161 1
128 
145 1
147 
128 1
161 
146 4
147 161 145 128 
0 4
162 1
129 
146 3
162 146 129 
129 1
162 
147 3
162 146 129 
0 4
149 3
149 163 130 
163 1
130 
130 1
163 
148 3
149 163 130 
0 5
150 1
148 
164 1
131 
148 1
150 
131 1
164 
149 4
150 164 148 131 
0 5
151 1
149 
165 1
132 
149 1
151 
132 1
165 
150 4
151 165 149 132 
0 4
152 1
150 
166 3
152 166 150 
150 1
152 
151 3
152 166 150 
0 5
153 1
151 
167 1
133 
151 1
153 
133 1
167 
152 4
153 167 151 133 
0 5
154 1
152 
168 1
134 
152 1
154 
134 1
168 
153 4
154 168 152 134 
0 4
169 1
135 
153 3
169 153 135 
135 1
169 
154 3
169 153 135 
0 4
156 3
156 170 136 
170 1
136 
136 1
170 
155 3
156 170 136 
0 5
157 1
155 
171 1
137 
155 1
157 
137 1
171 
156 4
157 171 155 137 
0 5
158 1
156 
172 1
138 
156 1
158 
138 1
172 
157 4
158 172 156 138 
1 4
173 1
139 
157 3
173 157 139 
139 1
173 
158 3
173 157 139 
0 4
160 3
160 178 144 
178 1
144 
144 1
178 
159 3
160 178 144 
0 5
161 1
159 
179 1
145 
159 1
161 
145 1
179 
160 4
161 179 159 145 
0 5
162 1
160 
180 1
146 
160 1
162 
146 1
180 
161 4
162 180 160 146 
0 4
181 1
147 
161 3
181 161 147 
147 1
181 
162 3
181 161 147 
0 4
164 3
164 182 148 
182 1
148 
148 1
182 
163 3
164 182 148 
0 5
165 1
163 
183 1
149 
163 1
165 
149 1
183 
164 4
165 183 163 149 
0 5
166 1
164 
184 1
150 
164 1
166 
150 1
184 
165 4
166 184 164 150 
0 5
167 1
165 
185 1
151 
165 1
167 
151 1
185 
166 4
167 185 165 151 
0 5
168 1
166 
186 1
152 
166 1
168 
152 1
186 
167 4
168 186 166 152 
0 5
169 1
167 
187 1
153 
167 1
169 
153 1
187 
168 4
169 187 167 153 
0 4
188 1
154 
168 3
188 168 154 
154 1
188 
169 3
188 168 154 
0 4
171 3
171 189 155 
189 1
155 
155 1
189 
170 3
171 189 155 
0 5
172 1
170 
190 1
156 
170 1
172 
156 1
190 
171 4
172 190 170 156 
0 5
173 1
171 
191 1
157 
171 1
173 
157 1
191 
172 4
173 191 171 157 
0 4
192 1
158 
172 3
192 172 158 
158 1
192 
173 3
192 172 158 
0 3
175 2
175 193 
193 2
175 193 
174 2
175 193 
0 4
176 1
174 
194 3
176 194 174 
174 1
176 
175 3
176 194 174 
0 4
177 1
175 
195 3
177 195 175 
175 1
177 
176 3
177 195 175 
0 3
196 2
196 176 
176 2
196 176 
177 2
196 176 
0 4
179 3
179 197 159 
197 1
159 
159 1
197 
178 3
179 197 159 
0 5
180 1
178 
198 1
160 
178 1
180 
160 1
198 
179 4
180 198 178 160 
0 5
181 1
179 
199 1
161 
179 1
181 
161 1
199 
180 4
181 199 179 161 
0 4
200 1
162 
180 3
200 180 162 
162 1
200 
181 3
200 180 162 
0 4
183 3
183 201 163 
201 1
163 
163 1
201 
182 3
183 201 163 
0 5
184 1
182 
202 1
164 
182 1
184 
164 1
202 
183 4
184 202 182 164 
0 5
185 1
183 
203 1
165 
183 1
185 
165 1
203 
184 4
185 203 183 165 
0 5
186 1
184 
204 1
166 
184 1
186 
166 1
204 
185 4
186 204 184 166 
0 5
187 1
185 
205 1
167 
185 1
187 
167 1
205 
186 4
187 205 185 167 
0 5
188 1
186 
206 1
168 
186 1
188 
168 1
206 
187 4
188 206 186 168 
0 4
207 1
169 
187 3
207 187 169 
169 1
207 
188 3
207 187 169 
0 3
190 2
190 170 
170 2
190 170 
189 2
190 170 
0 4
191 1
189 
189 1
191 
171 3
191 189 171 
190 3
191 189 171 
0 4
192 1
190 
190 1
192 
172 3
192 190 172 
191 3
192 190 172 
0 3
191 2
191 173 
173 2
191 173 
192 2
191 173 
0 3
194 2
194 174 
174 2
194 174 
193 2
194 174 
0 4
195 1
193 
193 1
195 
175 3
195 193 175 
194 3
195 193 175 
0 4
196 1
194 
194 1
196 
176 3
196 194 176 
195 3
196 194 176 
0 3
195 2
195 177 
177 2
195 177 
196 2
195 177 
0 3
198 2
198 178 
178 2
198 178 
197 2
198 178 
0 4
199 1
197 
197 1
199 
179 3
199 197 179 
198 3
199 197 179 
0 4
200 1
198 
198 1
200 
180 3
200 198 180 
199 3
200 198 180 
0 3
199 2
199 181 
181 2
199 181 
200 2
199 181 
0 3
202 2
202 182 
182 2
202 182 
201 2
202 182 
0 4
203 1
201 
201 1
203 
183 3
203 201 183 
202 3
203 201 183 
0 4
204 1
202 
202 1
204 
184 3
204 202 184 
203 3
204 202 184 
0 4
205 1
203 
203 1
205 
185 3
205 203 185 
204 3
205 203 185 
0 4
206 1
204 
204 1
206 
186 3
206 204 186 
205 3
206 204 186 
0 4
207 1
205 
205 1
207 
187 3
207 205 187 
206 3
207 205 187 
0 3
206 2
206 188 
188 2
206 188 
207 2
206 188 
