45
1 2
2 1
2 
0 1
2 
0 2
5 1
5 
1 1
5 
0 3
3 2
3 0 
0 2
3 0 
2 2
3 0 
0 4
4 1
2 
6 3
4 6 2 
2 1
4 
3 3
4 6 2 
0 4
5 1
3 
7 3
5 7 3 
3 1
5 
4 3
5 7 3 
0 4
8 1
1 
4 3
8 4 1 
1 1
8 
5 3
8 4 1 
0 4
7 3
7 10 3 
10 1
3 
3 1
10 
6 3
7 10 3 
0 4
8 1
6 
6 1
8 
4 3
8 6 4 
7 3
8 6 4 
0 4
11 1
5 
7 3
11 7 5 
5 1
11 
8 3
11 7 5 
0 3
10 2
10 12 
12 2
10 12 
9 2
10 12 
0 3
9 2
9 6 
6 2
9 6 
10 2
9 6 
0 3
14 1
8 
8 1
14 
11 2
14 8 
0 3
15 1
9 
9 1
15 
12 2
15 9 
0 3
14 2
14 17 
17 2
14 17 
13 2
14 17 
0 4
18 1
11 
13 3
18 13 11 
11 1
18 
14 3
18 13 11 
0 3
16 2
16 12 
12 2
16 12 
15 2
16 12 
0 4
17 1
15 
19 3
17 19 15 
15 1
17 
16 3
17 19 15 
0 5
18 1
16 
20 1
13 
16 1
18 
13 1
20 
17 4
18 20 16 13 
0 4
21 1
14 
17 3
21 17 14 
14 1
21 
18 3
21 17 14 
0 4
20 3
20 23 16 
23 1
16 
16 1
23 
19 3
20 23 16 
0 4
21 1
19 
19 1
21 
17 3
21 19 17 
20 3
21 19 17 
0 4
24 1
18 
20 3
24 20 18 
18 1
24 
21 3
24 20 18 
0 3
23 2
23 25 
25 2
23 25 
22 2
23 25 
0 3
22 2
22 19 
19 2
22 19 
23 2
22 19 
0 3
27 1
21 
21 1
27 
24 2
27 21 
0 3
28 1
22 
22 1
28 
25 2
28 22 
0 3
27 2
27 30 
30 2
27 30 
26 2
27 30 
0 4
31 1
24 
26 3
31 26 24 
24 1
31 
27 3
31 26 24 
0 3
29 2
29 25 
25 2
29 25 
28 2
29 25 
0 4
30 1
28 
32 3
30 32 28 
28 1
30 
29 3
30 32 28 
0 5
31 1
29 
33 1
26 
29 1
31 
26 1
33 
30 4
31 33 29 26 
0 4
34 1
27 
30 3
34 30 27 
27 1
34 
31 3
34 30 27 
0 4
33 3
33 36 29 
36 1
29 
29 1
36 
32 3
33 36 29 
0 4
34 1
32 
32 1
34 
30 3
34 32 30 
33 3
34 32 30 
0 4
37 1
31 
33 3
37 33 31 
31 1
37 
34 3
37 33 31 
0 3
36 2
36 38 
38 2
36 38 
35 2
36 38 
0 3
35 2
35 32 
32 2
35 32 
36 2
35 32 
0 3
40 1
34 
34 1
40 
37 2
40 34 
0 3
41 1
35 
35 1
41 
38 2
41 35 
0 3
40 2
40 43 
43 2
40 43 
39 2
40 43 
0 4
44 1
37 
39 3
44 39 37 
37 1
44 
40 3
44 39 37 
0 3
42 2
42 38 
38 2
42 38 
41 2
42 38 
0 3
43 1
41 
41 1
43 
42 2
43 41 
0 4
44 1
42 
42 1
44 
39 3
44 42 39 
43 3
44 42 39 
0 3
43 2
43 40 
40 2
43 40 
44 2
43 40 
