49
0 2
8 1
8 
0 1
8 
0 3
2 2
2 10 
10 2
2 10 
1 2
2 10 
0 3
3 1
1 
1 1
3 
2 2
3 1 
0 3
4 1
2 
2 1
4 
3 2
4 2 
0 4
5 1
3 
11 3
5 11 3 
3 1
5 
4 3
5 11 3 
0 4
6 1
4 
12 3
6 12 4 
4 1
6 
5 3
6 12 4 
0 3
13 2
13 5 
5 2
13 5 
6 2
13 5 
0 2
15 1
15 
7 1
15 
0 4
9 3
9 16 0 
16 1
0 
0 1
16 
8 3
9 16 0 
0 4
10 1
8 
17 3
10 17 8 
8 1
10 
9 3
10 17 8 
0 4
18 1
1 
9 3
18 9 1 
1 1
18 
10 3
18 9 1 
0 4
12 3
12 20 4 
20 1
4 
4 1
20 
11 3
12 20 4 
0 5
13 1
11 
21 1
5 
11 1
13 
5 1
21 
12 4
13 21 11 5 
0 5
14 1
12 
22 1
6 
12 1
14 
6 1
22 
13 4
14 22 12 6 
0 3
15 1
13 
13 1
15 
14 2
15 13 
0 4
23 1
7 
14 3
23 14 7 
7 1
23 
15 3
23 14 7 
0 4
17 3
17 24 8 
24 1
8 
8 1
24 
16 3
17 24 8 
0 5
18 1
16 
25 1
9 
16 1
18 
9 1
25 
17 4
18 25 16 9 
0 4
26 1
10 
17 3
26 17 10 
10 1
26 
18 3
26 17 10 
0 3
20 2
20 28 
28 2
20 28 
19 2
20 28 
0 5
21 1
19 
29 1
11 
19 1
21 
11 1
29 
20 4
21 29 19 11 
0 5
22 1
20 
30 1
12 
20 1
22 
12 1
30 
21 4
22 30 20 12 
1 3
21 2
21 13 
13 2
21 13 
22 2
21 13 
0 3
31 1
15 
15 1
31 
23 2
31 15 
0 4
25 3
25 32 16 
32 1
16 
16 1
32 
24 3
25 32 16 
0 5
26 1
24 
33 1
17 
24 1
26 
17 1
33 
25 4
26 33 24 17 
0 5
27 1
25 
34 1
18 
25 1
27 
18 1
34 
26 4
27 34 25 18 
0 4
28 1
26 
35 3
28 35 26 
26 1
28 
27 3
28 35 26 
0 5
29 1
27 
36 1
19 
27 1
29 
19 1
36 
28 4
29 36 27 19 
0 5
30 1
28 
37 1
20 
28 1
30 
20 1
37 
29 4
30 37 28 20 
0 4
38 1
21 
29 3
38 29 21 
21 1
38 
30 3
38 29 21 
0 3
41 1
23 
23 1
41 
31 2
41 23 
0 4
33 3
33 42 24 
42 1
24 
24 1
42 
32 3
33 42 24 
0 4
34 1
32 
32 1
34 
25 3
34 32 25 
33 3
34 32 25 
0 5
35 1
33 
43 1
26 
33 1
35 
26 1
43 
34 4
35 43 33 26 
0 5
36 1
34 
44 1
27 
34 1
36 
27 1
44 
35 4
36 44 34 27 
0 5
37 1
35 
45 1
28 
35 1
37 
28 1
45 
36 4
37 45 35 28 
0 5
38 1
36 
46 1
29 
36 1
38 
29 1
46 
37 4
38 46 36 29 
0 5
39 1
37 
47 1
30 
37 1
39 
30 1
47 
38 4
39 47 37 30 
0 4
40 1
38 
48 3
40 48 38 
38 1
40 
39 3
40 48 38 
0 3
41 1
39 
39 1
41 
40 2
41 39 
0 3
40 2
40 31 
31 2
40 31 
41 2
40 31 
0 2
32 1
32 
42 1
32 
1 3
44 2
44 34 
34 2
44 34 
43 2
44 34 
0 4
45 1
43 
43 1
45 
35 3
45 43 35 
44 3
45 43 35 
0 4
46 1
44 
44 1
46 
36 3
46 44 36 
45 3
46 44 36 
0 4
47 1
45 
45 1
47 
37 3
47 45 37 
46 3
47 45 37 
0 4
48 1
46 
46 1
48 
38 3
48 46 38 
47 3
48 46 38 
1 3
47 2
47 39 
39 2
47 39 
48 2
47 39 
